1
9106 579 12735
71 519 5255
49 72 23800
112 286 4524
17 31 20270
181 447 12985
88 554 26385
57 121 21396
139 144 15897
209 219 18512
24 388 32391
433 557 1727
375 435 12590
143 179 23944
316 374 14006
367 444 11496
214 250 12240
35 48 30347
451 456 29747
253 334 1312
97 170 30300
479 559 12690
87 400 8800
261 391 15122
67 383 30811
49 209 4174
142 318 26429
114 299 7051
10 313 21245
297 568 28806
120 417 18817
205 462 29242
265 406 17347
66 450 30721
98 163 31978
145 486 29876
145 527 30587
60 168 30630
266 308 18641
117 237 24250
141 261 17777
109 368 2530
5 152 15617
190 265 9151
167 285 10980
169 372 28746
54 100 10441
447 550 22949
85 295 6839
361 397 29826
31 62 2128
93 385 16584
271 274 30057
31 266 20573
29 134 23593
473 506 3389
271 323 15687
11 333 24901
177 413 7975
97 131 21852
512 545 23264
53 77 10974
30 53 20083
49 90 18811
24 69 1466
484 576 27878
43 97 14299
95 188 6397
10 99 9539
262 324 20576
66 418 621
12 517 10380
43 127 15882
63 122 28657
171 476 9541
7 34 32162
13 207 16175
112 142 16266
316 422 16547
8 426 846
23 63 17433
385 469 5959
41 123 3393
1 125 3125
257 509 7782
107 183 26007
24 402 21987
288 357 13783
221 409 15400
276 451 19614
261 495 12079
175 195 4371
3 24 15950
49 307 11991
20 305 25023
162 330 13293
196 290 21344
117 253 28414
29 455 14965
46 352 6288
73 137 10864
53 252 26413
9 119 13582
13 33 28047
15 57 4685
165 176 23365
96 174 13562
486 564 15216
110 154 6393
73 467 27279
1 208 16491
343 480 875
36 46 16221
196 211 17571
78 222 29101
197 452 15215
2 37 5436
56 118 9609
2 14 4789
33 87 19302
60 396 20838
92 136 23839
175 513 5884
36 42 28602
11 141 14894
214 346 26042
67 151 26510
1 3 9496
123 306 29213
358 504 19984
217 347 13661
144 158 372
51 312 31976
47 367 31318
61 71 17884
99 472 7757
77 83 4256
112 240 165
122 380 28105
321 355 30770
8 66 1833
7 19 9378
1 336 11850
160 310 26501
231 531 1005
11 420 13918
53 185 10300
18 423 5759
123 315 8657
52 106 22651
1 148 22984
79 565 6260
446 574 15721
61 445 29073
24 340 23095
235 439 1624
47 80 12135
214 302 19663
127 204 2055
29 78 17539
269 427 2906
178 350 11750
64 232 23870
129 132 21937
195 365 13973
48 210 23586
71 76 24062
81 539 24397
317 569 27500
44 521 26842
80 103 21850
13 29 17135
132 243 31911
200 292 13579
104 228 21608
261 518 28963
445 448 27952
16 73 31296
80 160 10135
51 124 22892
15 20 12303
129 181 23221
41 147 13891
4 82 7048
145 373 9368
61 145 15547
141 288 135
49 61 24054
326 566 8931
161 487 30046
79 360 12115
208 214 28086
4 54 11389
273 491 1606
38 189 27326
37 403 2896
28 58 5469
141 191 29403
122 230 27293
91 186 2327
34 235 14618
27 79 28845
545 575 30036
337 493 7855
251 530 4187
273 485 30482
221 498 16620
270 349 5581
197 248 14990
365 551 29201
1 4 27238
133 375 13374
51 84 20445
37 277 7294
198 326 30543
379 431 1835
266 281 3933
44 384 17767
276 481 5525
6 408 29595
127 199 15753
9 155 1199
1 27 3481
103 255 12345
469 562 18160
34 70 8953
45 92 6789
109 249 3160
31 197 31530
100 166 14535
158 244 7392
67 175 10292
4 570 29712
309 560 18659
31 59 23392
325 434 634
409 438 32045
151 190 23039
36 51 17919
188 354 32523
64 220 3951
36 224 21400
7 120 28496
463 523 19197
176 410 13602
37 47 8736
3 13 12308
67 223 16867
147 236 27167
127 291 26203
89 276 10505
170 245 14415
173 296 19521
323 442 13322
154 544 5890
133 143 20373
421 549 12313
332 572 9159
17 150 11580
196 317 14033
475 488 28131
14 35 15408
213 535 27120
2 247 32043
117 227 31416
21 241 30279
17 395 6437
245 555 22873
129 337 8709
11 30 24857
41 301 31176
351 369 2662
4 10 29499
73 88 10398
27 149 14590
31 113 13746
11 294 14280
543 556 993
235 303 14265
361 386 26171
127 376 1351
441 580 20064
191 351 20106
163 233 4378
1 341 16371
242 320 20662
67 85 950
1 65 17233
282 401 8546
165 440 31863
241 429 26507
55 109 23747
192 319 6000
130 460 8028
209 348 2804
510 548 31876
63 156 3961
15 25 20896
186 198 17484
248 514 595
447 578 459
6 304 9129
283 362 13936
96 98 18789
252 328 20826
201 282 20203
100 178 19992
275 449 101
143 311 21430
271 343 28170
11 135 10599
340 558 17080
22 192 5435
238 507 62
205 443 7616
183 321 22277
102 500 11655
167 293 15356
33 86 20444
271 371 14069
139 194 14386
290 382 29907
5 21 4633
121 196 17463
321 381 17849
148 193 6292
6 116 32021
91 157 20168
109 165 22714
164 540 1973
3 32 30332
436 516 20593
324 496 17255
171 470 19703
290 314 6686
21 528 401
1 56 31029
133 424 30791
280 300 14661
107 327 11036
145 213 10452
53 268 8418
231 273 25669
29 40 23012
226 459 12900
181 546 21181
44 298 12884
37 111 22295
85 216 19942
243 536 27428
103 172 15260
7 12 2569
168 270 30192
59 101 10401
35 39 31119
4 16 10036
29 217 27301
139 279 29215
43 52 379
7 11 20606
42 140 24805
121 457 6479
10 22 19806
549 573 2746
257 377 12737
152 490 7243
11 41 1787
7 67 11376
1 96 7730
193 272 10874
21 26 2349
67 133 10721
121 436 31498
141 167 28851
431 497 2940
323 430 25158
141 501 22826
100 414 28837
28 130 11246
93 200 21081
49 561 32246
1 537 26486
309 425 19231
218 322 20502
211 475 16390
27 112 1962
200 246 28308
97 257 13251
58 571 7198
166 378 2631
107 115 7501
415 543 4654
35 89 5729
111 242 23350
247 353 27289
478 533 27702
75 339 15297
132 332 25837
530 538 9007
156 231 30604
103 287 22458
98 364 16203
140 162 20601
121 202 25787
175 184 12864
125 215 17859
320 404 1587
50 260 18022
204 477 27126
3 338 22717
1 91 11829
91 226 32209
209 492 16032
191 205 20025
185 446 18061
281 473 20644
342 552 24539
375 479 21942
407 525 17873
289 453 3051
61 239 5132
199 541 21330
40 526 6580
142 553 22624
95 126 19350
57 309 30258
127 201 29654
56 335 9197
191 379 29776
116 254 3620
61 64 22753
3 7 17517
436 511 8502
161 256 25731
204 387 9681
4 17 14259
379 389 23134
124 510 7260
141 203 32659
67 454 9421
345 411 10542
8 105 24014
146 169 24786
19 23 649
52 399 13517
77 153 20663
7 18 14862
51 107 1849
489 532 727
131 187 10893
137 161 22510
322 502 17844
68 263 12373
163 331 21385
435 520 983
133 139 7069
134 329 14060
268 370 26379
64 280 4797
5 9 21736
437 499 4692
211 259 4922
79 171 22073
204 278 10393
3 43 23052
231 567 7146
31 49 9180
97 180 29391
134 138 9036
123 177 1220
312 345 26308
119 238 20482
156 271 16188
2 494 9888
62 416 28524
359 412 32137
39 225 10595
11 356 13366
91 529 30152
71 478 9055
409 515 14946
1 5 29174
1 60 402
191 474 27430
196 392 29410
27 81 9524
232 289 11487
40 264 2156
138 164 29387
374 390 32392
48 74 29941
358 465 5678
1 128 28854
47 173 885
263 283 3424
158 428 28058
27 95 17830
300 508 15176
313 563 26947
229 394 23065
20 50 24818
415 524 9027
13 104 28397
142 316 20109
1 2 14470
97 218 11771
153 159 2476
4 28 32727
133 461 2380
111 221 20991
248 258 3558
24 36 2205
304 432 31716
1 6 27578
265 297 9061
108 484 31306
8 55 411
229 284 30363
35 437 10739
229 466 32598
382 577 32155
115 325 24947
206 441 19495
232 275 29383
349 398 3679
181 251 542
289 482 13438
85 102 4344
42 182 2922
376 464 27749
239 393 6317
26 421 9625
439 512 2873
393 405 12323
375 483 3894
31 44 23287
131 503 1398
53 547 17063
16 38 25402
116 117 3709
1 114 25966
111 542 5978
213 468 23182
66 108 20091
316 463 8389
283 415 11169
11 15 8721
197 534 25895
183 359 9832
46 94 2565
154 229 21564
40 234 5346
7 75 14788
251 366 2194
119 344 19962
56 342 27068
25 358 3638
37 433 18044
225 361 17850
267 407 17465
37 206 14018
117 269 11529
245 505 22723
226 522 342
260 489 15879
59 68 30634
134 458 712
29 267 25543
101 146 31346
229 471 1899
104 262 13245
73 93 8835
27 45 29363
62 129 1422
267 419 30697
3 8 16514
479 579 26221
99 212 6515
11 110 26171
147 363 4549
20274
13756
18657
4504
28078
16558
13335
28180
14114
7129
32573
27879
14101
20219
21549
3416
14662
23074
18635
2949
20452
29457
14046
10479
2561
12773
17950
24121
28229
28920
23693
23085
3551
25606
26891
29184
17345
10894
15397
26327
29709
24955
25391
9353
24522
30724
14738
23975
24796
19409
9318
10426
8755
20575
11332
715
10306
17829
26965
23337
15795
16888
30127
3174
6233
4908
23010
26275
19046
15100
10189
12045
21470
2731
14263
14504
26699
8684
15259
31308
15539
21760
7362
17901
29127
15902
22423
1311
28253
32279
18872
7896
15904
28730
9801
27256
18566
21877
1165
21512
29699
15038
15543
5567
2429
7857
1789
10955
27647
6779
4335
24398
30897
4598
32007
8614
8968
12053
129
30961
8506
11395
4972
17616
15605
13191
26370
10860
7248
20779
5685
21175
5890
18077
17546
24053
27601
14549
7978
12410
27214
888
29751
31925
25792
13053
21596
11885
32350
27150
29352
6987
10689
13873
13980
7321
27544
6055
13442
30281
13726
16532
1
12089
28105
20321
3311
16053
30148
2143
4710
13118
18080
21165
9242
13961
29895
31835
30185
4811
12337
2511
32180
7476
5338
5224
26478
10681
24435
31842
3954
27671
23127
29178
30490
27157
5826
6610
26509
25353
17981
20630
14040
20637
18525
20960
25409
25811
16557
18009
30935
10567
18665
32034
30030
9141
4973
21618
7690
9146
4588
5504
31866
7647
29797
18339
29863
14291
5203
16055
10765
27128
8229
26820
9897
23073
6893
7898
30803
21403
1116
32063
14414
106
15598
1741
12574
18388
31330
6037
5785
30244
24685
27336
1089
4520
4527
14296
13777
252
19686
10970
11798
26250
27234
15407
16384
21842
19897
11107
11769
17127
8123
8533
21365
23226
25768
15768
3275
5787
17057
4890
20803
16509
3165
22531
13168
16762
25629
19680
15296
25111
2786
7937
20817
24520
12253
18975
9478
31671
21543
15683
21211
26305
5810
18146
11637
11969
31872
3149
26622
4370
2322
4169
4655
22095
15140
3321
6830
7005
16791
9477
19355
11180
31919
12277
30053
20665
8062
9694
15331
15064
1440
28225
14752
26416
4393
5680
28022
9991
9436
12722
9822
11328
3742
27753
24966
16161
30250
3442
20132
346
9221
29325
28299
25155
13493
18046
32763
10342
3118
30387
11966
13373
7565
11302
14576
24637
23304
19333
32415
8723
25125
16529
12180
20781
14379
6340
2927
13948
10966
12598
26618
18808
10575
31681
29111
15973
10587
8035
23227
18901
27859
30693
27583
15727
15188
14522
11125
25070
25655
14122
4120
12909
7364
8112
28487
23777
3746
6816
8211
11239
10898
9228
855
15808
4958
6889
26184
11417
13579
19310
29516
3088
23638
30909
9488
24565
25183
10693
28628
28749
16543
15719
5386
7837
8479
2519
21792
8293
16108
2886
29594
17130
10950
26046
16739
7224
18456
15949
8549
19816
5677
12133
15191
14879
6560
23683
20694
22871
31252
26895
26808
866
10278
22147
17565
24875
8096
3536
21702
24768
6639
6142
7723
21261
17624
18962
18119
5866
20838
26676
15415
30041
28455
1041
10371
4872
1944
6783
10556
6942
19933
13407
31943
1844
30389
3784
6648
10400
11438
3682
26083
22266
5269
527
31726
26585
30257
30929
15403
21470
23857
12008
5093
11508
18018
22074
13433
18901
11557
15864
11367
19153
3361
7551
5801
23499
11317
1660
21572
22404
16560
16980
1052
12316
18373
7875
11532
16597
8249
28099
20022
27931
15711
15535
18840
12481
1606
1704
23777
1422
13617
26168
7298
16888
19271
2613
9479
21807
27788
29160
30376
1117
14352
13423
12059
3372
28775
22368
5549
20874
2136
30895
11665
28841
26585
20434
17016
29001
32060
18978
9058
24889
28323
18053
32691
3611
32697
13386
6793
15209
32676
6484
18509
31157
21301
17275
27272
821
28514
10543
24056
16766
22519
15710
3812
24720
30344
15000
10156
4883
23978
10610
3492
27616
19555
9768
8226
28867
1502
10630
28118
19071
20835
22792
21594
13843
13959
8768
15882
6972
18848
9592
29206
27707
7292
13209
10966
13016
10067
25419
26205
28327
15865
350
9552
10378
25944
24681
3065
24439
7454
19376
6551
12924
29107
8523
27128
27648
27246
22405
13642
21067
10248
29059
559
24905
18257
10022
15887
20874
23585
17457
12210
4238
6290
687
30734
3648
29804
25743
5469
960
26849
20626
7283
5989
5243
30311
7247
515
23378
15892
24560
6505
22402
18071
618
25646
11740
14285
2360
6830
6876
27540
30932
14671
19419
12844
6021
2057
22662
13796
21112
15141
28815
16882
30995
4420
4515
28834
17030
4772
22939
1203
20899
21919
18678
29181
10991
27764
2439
22872
20729
24650
3435
31674
31466
23922
6718
26783
6494
29933
5262
27566
7538
5934
8080
32153
13854
11296
25874
15429
30662
27755
6577
11819
8715
24564
4428
21758
30695
9634
30649
21389
24057
26728
438
10988
13085
9600
10786
21198
5952
10228
20333
12598
5235
23907
17741
13647
24125
26626
11954
6551
6966
4577
13309
4419
27857
1392
26988
25824
10618
28481
31193
16950
31969
27919
27045
17265
25237
28160
1519
29059
11988
26663
21513
17860
6562
1869
5420
28379
24
14577
12906
23778
20479
14733
9445
22725
20893
1819
11839
10987
17359
23768
30033
5401
32344
7240
23328
9107
3705
18298
7180
6532
450
28813
4427
31903
21287
17011
9878
1031
11862
1781
22562
28268
32072
19959
19666
887
29718
6654
24747
17513
3855
13807
13192
4095
14087
6170
4111
15768
32753
30326
16099
29593
13745
28718
6683
15633
11051
28765
29940
8857
32672
11798
11202
19071
20026
28072
28717
25635
31717
26400
9625
25248
5985
30223
25062
19119
32661
30349
26202
6089
17447
29565
9435
31884
29769
2579
9570
608
20438
9876
24492
19546
3741
32349
23859
353
12797
27431
14172
8591
5298
2953
17906
19161
11502
19646
4563
12531
13483
16809
24553
19566
11328
27414
26716
1316
27443
21827
3590
23509
13135
11935
10792
22290
31222
15313
16475
14170
23480
19708
11977
13956
28196
6210
11932
22108
25565
7559
14519
657
14065
30583
8868
2511
19815
15818
1998
12840
19479
23750
21233
27832
3007
1542
31694
27785
25682
7803
19747
9396
17043
19888
18138
29129
15331
4690
28801
29297
5207
32751
12282
21330
27406
2558
30836
4659
194
32
26010
31841
19612
8101
5897
27729
21325
24146
24584
2694
29786
21089
8051
5557
8631
23498
21497
30248
13720
29377
16520
8288
23172
16256
13572
2814
14763
24390
20287
15332
25465
31392
18470
12439
9835
4327
8504
9703
18466
7434
17981
723
21686
30605
30516
27303
30796
6610
3725
14951
5867
9880
30616
30064
5771
23489
26942
25949
3951
20824
14575
28968
22197
10706
23003
28561
5932
6036
23653
30916
27749
23478
468
31542
13325
8711
14412
6096
2425
24145
4862
2383
8067
3806
4763
6891
27797
2106
21006
29238
23811
11835
27498
12360
32670
15935
10529
11801
24710
3765
22392
22574
1599
26591
18999
28024
17671
22997
27301
9593
23655
13262
25011
424
4873
155
12920
19991
17609
11380
22749
5459
5902
14327
16538
2955
18267
7278
10337
13557
18465
17745
17752
19310
8152
17164
15053
10081
15949
6913
14886
12265
15422
22737
24342
5690
14628
17623
7191
24637
19280
25590
19220
1658
13881
9365
13925
10555
23317
23783
11777
8430
6054
32368
31983
28108
1879
8901
21246
19128
23175
21907
30390
26474
14373
16354
21390
3532
23933
6299
14432
13988
28753
32328
23065
20852
14124
7708
28341
17310
11251
19507
29803
25292
7357
28954
31012
28303
20196
28818
30258
19783
22621
28049
5183
4162
9028
3978
27523
808
20411
11502
5179
19094
26613
32499
6998
22025
6798
17044
12145
10494
28446
27353
6661
16215
10509
18520
22751
4353
19625
18940
27601
30932
31349
15109
10920
698
5316
8784
14173
25876
25479
9945
24720
10585
10852
7550
2097
18432
25864
9222
25217
15265
7613
28001
8505
20311
4671
9009
24328
11368
6859
138
24387
27432
1914
2550
30169
11034
26573
1725
11141
30297
28809
8035
29255
29750
29637
17777
32276
12067
8001
18553
5581
29136
29945
15444
28782
32659
12794
5294
29320
11277
6005
6597
24561
5643
18962
6765
21945
2474
15238
32600
8289
19903
21096
9108
16968
24693
17472
5717
15974
26424
21986
10741
31548
21970
30202
29753
21003
4308
26087
9174
7749
3896
25805
20275
24897
16196
4325
8305
20018
12978
29464
681
21082
22029
26829
13428
28027
14174
24575
25521
28303
8200
6546
13954
26808
1521
26087
26008
29818
6114
4014
19377
4392
26929
26875
3678
15004
157
11932
17418
1835
20089
13739
15160
25049
19981
5983
18188
13512
22073
20263
13581
6135
23899
32506
20521
22569
13427
19944
5370
27170
32133
5366
31559
7705
24895
20008
30926
10091
18396
31199
8512
19597
6472
28261
1934
21316
18565
17863
17507
32024
11853
24035
17905
10246
30457
7873
19697
26485
10145
31527
15077
10603
32389
24423
5537
15361
12971
636
25609
18196
22218
19797
18460
3646
25447
19569
31282
3844
11326
24492
2433
20305
17635
7257
1510
28708
6313
5520
30435
22661
14787
32457
17380
3261
11177
23722
29126
1478
11454
14366
22937
7425
17199
1959
15525
24615
4382
17141
22956
24962
13312
21687
26479
22621
13123
24241
6259
9657
16948
1039
3077
4417
22817
11769
20604
21120
27066
32359
23230
14930
12989
25911
5894
4248
30419
2941
30436
31280
6837
2330
8325
31525
28306
6288
9012
26914
9909
15636
21793
25133
18275
3813
15969
7057
2050
8669
13623
7452
29057
14917
3986
15499
15347
17390
3542
27971
12157
16253
25311
14402
3187
6663
32068
28756
16062
8926
30168
30346
24705
5034
18295
8936
20476
24251
13311
9566
23728
14237
31388
29434
20419
2541
17225
4955
21415
21100
25491
25193
32503
3666
24736
6723
1697
13541
21105
14713
23370
28489
3172
6524
13806
666
12029
18770
22471
8248
1765
142
369
4194
23859
16000
25931
27399
7403
27049
6432
21208
29124
881
19207
26274
17455
17437
15751
23771
13972
13051
20223
32123
2015
3807
4165
28173
32571
6867
11918
1029
17693
8971
13454
4436
19845
19991
26336
24378
14209
3676
16295
19291
17906
18373
19830
15126
21906
32182
31085
22802
29750
7490
30885
20761
32081
14237
27855
32298
24506
16596
30743
16073
28847
9915
18511
25498
28697
21543
23881
27694
8721
29790
3716
1565
8612
2764
5131
597
20691
13048
5787
13489
2526
7350
2820
29134
30147
6301
23761
7962
11265
18619
11307
2349
32673
18824
8955
29789
7543
26393
9551
7052
24486
12950
24831
4421
31330
3054
144
14088
26106
29641
1368
16097
10773
14783
3299
27455
28219
23239
1430
260
29592
9202
5778
8153
23549
27993
16092
29892
25128
339
28602
31484
26437
1004
9824
16124
31157
28307
18635
22486
14605
29715
18926
2762
15202
24773
22796
19735
22468
19203
8293
6161
31240
10207
22292
17268
25547
6165
10808
23032
32435
319
16722
7205
9208
18248
25070
9577
32035
14883
30342
26472
25110
3005
31907
28563
22605
25136
7749
11004
5987
23097
31365
7272
14040
3564
24953
14502
26897
29606
1880
23840
26528
10564
29406
5296
29894
32658
10994
7861
5686
23046
26503
27749
27932
13999
18880
2149
20318
29288
24407
7319
1570
7505
30015
2611
21904
29568
32136
18457
12761
19955
3204
31589
17784
8137
12584
32324
11448
21426
11444
18695
2678
7589
19863
29046
23080
5329
29068
13415
8990
10709
29450
15759
28936
19763
1499
8599
13753
23042
18186
15986
30762
6372
1027
30191
29890
28472
31990
30346
4820
3729
9852
1672
21354
14438
11901
1347
7489
27147
18513
5826
2580
1247
1061
11660
6429
18120
13729
26302
27354
9948
11720
27740
27149
27233
19487
20965
1542
1528
11025
7978
25124
7957
27538
32095
7834
16818
25603
14963
7791
7749
13909
5789
28361
25583
4466
4152
13162
2806
8664
8656
15483
9077
30087
9853
10632
31826
22302
22639
15821
13937
25665
7627
18864
6183
25405
6070
19854
13554
7151
10158
14778
15719
14306
24353
28611
2923
28087
3384
26870
16038
31690
24308
9764
32053
13842
17789
19622
11423
11081
5815
5277
14091
9549
7189
27774
12464
2247
946
30159
29068
22538
26526
16171
30553
23870
24437
24460
9149
16317
20535
22218
10945
2237
28243
22366
17796
23344
9733
23916
32049
25320
24034
14081
8750
16127
18354
24985
17302
27510
13181
24804
15082
28188
6377
29385
8195
19121
19139
17580
14667
588
2267
3564
15405
8698
25621
13232
29130
9384
10429
23012
5102
11331
17179
1406
30274
22045
21063
13318
20419
11923
23871
3157
14450
2029
24119
3229
12109
14469
6192
22953
15487
1068
27340
4966
980
13513
6241
21155
23407
9795
12876
13333
15039
18849
8072
5278
5551
25456
29055
25294
30749
2405
31519
10667
30094
9028
24113
14509
16672
29440
742
3341
448
26660
11699
24640
13980
17009
10079
32702
16347
18377
11099
20999
24460
4428
4177
11496
18141
13248
24319
24826
910
18230
19270
7789
24997
4586
17278
5891
5474
23148
2573
351
16757
9469
3384
24960
11631
24636
28985
14985
16503
17666
145
3523
5182
28042
30367
19172
13365
26581
22642
5522
23805
18252
20444
1059
20510
31144
15559
15271
4093
25359
28876
3368
6152
1407
18690
30768
25908
14192
6676
13964
25257
11701
8855
13648
3771
23716
30618
7963
27677
29814
8062
23452
4945
31985
20232
10325
30819
21572
31924
11935
14551
5426
15948
15087
1504
10354
9402
31063
32467
1366
2587
23376
4058
26028
1556
2742
10477
28898
31849
3604
24830
8813
31179
546
22900
28522
21234
3212
30171
28550
14828
27637
15322
3356
15797
18748
28517
158
26631
11774
16179
6966
28019
17500
5491
9389
9137
17406
24763
20619
12853
12375
26945
3712
12546
19499
1613
14850
10691
26191
18414
27960
12056
25521
26861
31511
32302
10904
7423
21707
24210
21292
3902
24152
13383
16696
9434
30337
30742
2863
22540
13801
2597
21101
16204
10616
4811
28864
5316
3072
26019
7975
20996
17184
6879
31193
13303
9065
21215
1417
15126
16320
22531
6633
31707
18435
4797
21869
21369
15088
1002
32337
21706
28482
14690
29917
393
14364
28877
6888
9153
10411
23737
21659
23429
15112
16362
1655
13538
24155
21233
13465
23058
12358
10241
10045
13810
25985
253
14466
6839
9665
19413
12141
16604
24287
14611
19503
12894
21302
8369
27051
30252
26445
10542
22579
4057
29366
25825
21906
10133
6197
22924
18000
28251
26917
9780
5169
4716
22552
15152
22015
22523
16062
22657
9353
10794
31496
18017
16620
14389
26508
31774
28689
29421
13100
10537
12151
32361
23538
21610
10035
27640
20799
1495
32053
20569
293
11845
28108
2607
21777
16766
19821
19631
25005
13971
22448
17052
19972
25204
28571
23925
13800
24765
13603
9453
2960
32467
5104
6811
15494
23856
12129
1523
7617
15099
20432
15477
25357
8156
13591
14884
9652
22542
29266
7738
15959
30390
14055
24602
30237
21107
10436
20614
21264
12342
13288
15122
963
4180
29477
15320
11832
20953
5668
7534
9730
8224
26793
21269
19879
24224
24344
25395
10056
1801
19513
22020
22660
11664
9272
31884
9625
8070
28912
9168
10188
20528
23400
2117
17164
2003
28318
7561
7890
2318
30596
32337
9803
8300
9801
6307
21433
21050
21721
27205
19223
6806
5799
24949
2043
29641
30122
13786
8897
5847
165
19899
28902
10836
3756
879
1202
21368
23524
24340
20506
23926
25482
6276
28388
27402
6967
30085
23564
26193
29538
22592
5735
8926
16678
4597
30854
26122
30021
19948
18397
18827
17518
10415
16164
11337
9403
18294
6142
9581
17534
995
22489
11706
24125
32751
25621
29472
3579
13861
8552
2702
3001
23054
8833
29705
28477
7404
10731
9467
24850
10922
821
3277
23760
29460
30544
18359
26782
4932
24632
29655
26100
29532
8150
23681
24486
27771
32294
28631
31006
2793
12949
12953
25320
16533
7341
9790
30837
7106
28659
21827
27416
22013
22288
31171
7765
20306
21040
29256
6491
18879
21672
30945
12751
30953
26075
20596
21451
14862
18782
23638
2855
2107
29274
22041
12791
191
17970
5541
26708
3039
29286
8074
14688
32203
22968
28053
4484
17361
23693
9634
27132
29137
149
12976
19862
17393
15278
29755
6838
26769
26118
30662
9886
9858
6016
28855
9708
13170
29786
25191
32356
20139
11532
12410
26096
29694
13683
2412
29413
15097
30510
24429
392
13921
841
25455
4817
26588
1816
13949
2159
7149
2150
17742
25099
16933
11472
538
24529
5528
4203
28844
11821
10639
28589
14521
32466
11900
10378
12912
13057
819
22237
8530
31496
26198
4106
4420
3849
23569
481
2530
25852
7176
30918
3095
2039
7054
4367
3562
29869
2072
6062
26779
7990
17905
24080
27887
1550
18223
1349
4552
30303
20197
1120
28920
25987
29850
28193
1623
964
31738
14801
25876
27751
21708
4974
22344
5866
22308
30472
7121
28041
4058
7019
13917
11527
12602
28670
1477
29098
31741
12779
5277
5512
13433
23680
22537
17409
30740
30934
20689
26253
1790
4272
17080
20152
22048
18597
30218
16746
32079
25986
14197
18284
21958
16618
2585
26408
23763
28991
16354
11184
11984
10438
27670
7426
11861
4101
25642
3467
11180
8048
17114
24809
8325
15429
8569
12277
21483
7349
31621
28161
31351
14148
28798
29534
9924
16754
22520
4386
7714
411
23536
4647
25999
30748
3420
19799
6883
9143
9989
11559
28234
25913
29337
20578
20471
18009
1020
10280
9751
10212
16096
14134
7940
6935
23189
22120
29628
27212
22562
8827
11921
5338
7828
30488
18978
16950
12694
6926
15497
28766
13890
480
17110
24951
14903
18047
189
3252
28908
17240
18571
5755
23364
27537
8030
5059
3426
18832
20886
7361
1726
18110
11143
29379
20600
8330
10864
15708
21997
11952
14769
8897
11145
24251
20536
16243
14300
2248
573
16670
29423
398
23343
10433
12248
3483
5102
30736
9356
6624
31034
19991
9205
23920
5740
14111
15940
18565
30819
13269
15241
25796
7362
15273
9344
2754
24921
15989
19886
4294
2016
26975
6317
22225
8683
13056
24517
21467
31002
29382
16316
2144
18320
1942
13294
31259
21671
20918
14496
7442
18914
1003
26513
19922
21540
4062
17106
16636
25887
12740
8664
3072
10510
24382
29904
11049
1191
7550
21042
10458
12107
684
665
18967
15745
26248
32466
25670
12194
1616
5170
16439
22742
8164
9005
11875
12862
18472
11301
12401
28275
170
7808
23551
24880
20613
7677
23198
3915
25733
12872
11038
31466
31371
5324
2061
32755
7219
4296
6010
21700
27829
10661
18430
805
3593
31623
32510
28026
24911
2594
31786
13374
9837
29135
5705
4012
16122
11998
13625
29119
6235
28462
11569
1117
299
8700
24394
22479
28129
14841
17214
21877
28844
21919
15983
19128
26786
16836
27691
8255
11290
2672
15150
4454
12886
3564
1128
30700
102
17947
32513
32747
23880
15373
13723
22542
4436
22994
24791
12798
13528
3724
19226
10013
20991
30920
8593
21879
24055
2831
22130
18678
19794
24247
30853
1237
18349
10495
9188
16726
16016
1628
28671
12728
27542
4109
32482
26211
31182
28661
4539
8039
24160
26282
18070
8996
9332
30666
25452
27978
12367
12430
21084
18949
15807
15521
13112
12657
7610
15666
9795
30548
30530
5704
13369
8972
3979
9813
30608
966
23904
7183
27390
21745
27587
24187
315
1779
20436
15178
27144
26
13812
20329
10352
27093
18985
24020
24142
24100
32708
2219
28943
2381
31810
8327
27577
5073
10609
32270
16940
26782
13012
6597
22953
11142
29255
22054
31376
29680
4070
12275
3950
8141
22828
18633
21814
21198
4952
32760
24783
30164
19733
3474
7631
19113
29529
21442
10887
26605
11662
23135
13631
12627
17648
10433
16066
8205
6966
29140
26142
28548
29812
18026
8613
589
6208
16854
2359
4952
3604
25782
5572
1899
30963
4624
31244
29391
22095
25249
30889
10058
9259
17009
23376
24141
12925
3243
28500
21357
9174
6572
11115
25367
24900
29530
25269
384
1400
9143
10490
7644
804
20918
19508
17872
2727
8269
1869
7465
29420
971
21033
32206
10639
364
29415
21491
28226
3370
13412
2704
23920
31191
26113
7186
3616
12137
2215
6992
18203
7061
19720
18624
3921
4255
18215
2027
7545
1648
31514
18718
27384
29161
9998
15203
28164
9847
28301
23215
16137
30183
19196
11869
11595
636
25960
19419
1742
30527
15746
29092
6003
6807
16871
20078
9059
28441
15781
18596
24752
22177
16123
23062
13370
27554
23393
21488
13776
1210
29896
7912
16280
5770
25635
19388
3249
26564
11558
2012
11030
19333
8014
19043
17606
21990
2081
19788
1058
16078
23223
9955
6038
26378
28793
6009
6267
13215
18217
24412
22844
13150
24611
12551
24248
17082
9442
5013
2280
8663
29893
18812
11970
12515
16403
3959
12637
18089
21566
18372
19029
21859
15716
26000
6513
20944
24859
11440
13699
4231
13934
6545
17552
3467
16163
1394
24369
21023
9792
23248
17209
27868
10189
28194
6552
12288
9690
20167
21376
10761
3780
9277
25286
3203
30901
27539
20874
29982
5738
10529
32026
19715
26937
25206
30740
12904
21586
29842
22475
8290
30021
6742
28908
18683
26052
14136
18274
21893
19114
14907
13686
302
21565
11551
3643
16852
5040
17364
16169
29466
18925
53
13576
14267
5009
15859
2064
1310
5687
15055
13134
3371
4857
28429
23369
31326
564
18981
26598
12825
7308
10171
30089
4415
30000
4305
24957
22270
2399
7484
30102
12780
26924
2388
30484
9046
23934
21488
7371
11476
12122
30866
12417
31777
29797
6622
24472
2346
1188
12369
32493
23141
32135
4399
17919
25444
30246
25021
17748
12714
18634
19121
7192
23485
5551
32743
12552
26237
25352
28757
29326
5299
32324
12865
25133
21741
656
32689
28448
16778
10397
22308
25662
26385
17315
5247
27937
17607
4006
5706
30343
15232
13560
17180
28152
24245
9471
852
9386
23511
13368
778
22945
27619
5500
20550
12058
823
6786
10607
3882
13220
23974
4102
17315
29892
14568
29588
17719
18061
11832
2272
1504
25127
9457
8550
14975
27899
8355
5893
26563
25101
21781
8184
13900
9611
15242
7943
21008
30374
3396
17406
22782
13216
18247
4191
7394
9254
7007
5204
15497
15841
29284
30695
22565
5960
25533
9333
25842
31928
17955
8800
25626
23494
15783
32517
215
30932
27383
20206
22999
8930
8157
8264
31204
22951
15624
29079
17348
6624
7439
168
21854
17385
12467
1479
9759
20618
12389
12083
25756
18451
1800
28879
22393
12203
23031
31770
17801
24805
21066
29793
10550
32660
2901
13108
13092
481
19058
12566
24593
32410
25601
26232
9728
13773
29100
14569
31894
1942
15856
18567
17604
19765
2264
12729
21414
18531
2572
5920
9387
7399
21515
1994
30455
2148
31925
5545
23045
19573
12044
12356
28049
32507
2619
6061
22709
13494
29144
31667
15442
14867
13158
7000
9393
20037
9502
30854
15978
5271
8687
29693
21125
12289
1731
26000
19936
15609
5380
1169
22480
7563
24158
13450
15371
19372
7623
2605
11206
9676
8637
7310
6682
27050
11215
30352
14252
20844
26975
15517
20877
1775
27046
23195
5983
24924
13561
19995
3258
8444
26954
24787
10702
7501
32753
26446
28489
6485
8365
22498
29051
12854
9701
19939
7863
7171
13876
19734
17661
8402
5925
22888
6871
5650
7483
14048
20353
15391
23861
26067
26188
15380
655
12119
24900
14305
28492
22009
32529
8349
2291
16051
4123
18205
22232
9752
9970
23237
21916
13778
10220
19102
9207
3662
31760
15529
27829
6326
27442
3955
12799
13600
24928
6634
24028
6405
9085
7535
15352
29172
14124
7724
16547
8327
496
5544
16668
8087
25489
13208
272
27564
20417
8441
14686
32439
11007
31067
31773
13316
28348
28288
6624
10346
22716
18981
27704
27333
10688
16928
10619
4262
14178
21163
9668
840
21824
4864
9531
6342
22876
14374
9111
19852
16323
14858
13537
12811
12653
20177
25466
24754
29285
12397
12127
4121
31529
24686
4780
5503
16724
24091
12127
27510
29562
706
2655
4317
11348
30796
30653
21519
24861
32276
7225
24154
3899
28666
10248
5043
27938
17331
11988
6823
8822
28771
16645
8341
19311
29805
10815
11803
19330
28041
31019
8142
13118
30488
13435
5934
15732
17077
24872
30681
10138
7949
15870
17662
26993
24816
22619
29461
4070
25256
24116
461
16182
3465
20824
29254
8278
8649
32761
28033
15762
12434
26216
12053
4724
31830
24096
2083
21223
13155
15878
3723
11676
14519
20463
19552
3501
28437
16227
922
8065
14936
26017
23051
7407
11016
5858
405
9382
2091
21730
12441
8396
11101
2717
32434
229
25379
13654
31140
19191
20349
7902
1679
18411
27834
3347
25449
20279
16528
2727
23722
30138
23916
11555
2889
9191
12295
31787
12008
22310
19258
24067
30796
4727
9747
11602
22543
16985
40
23590
9625
6122
24619
18489
12876
8015
24767
9331
7423
5462
16266
7087
31150
16474
25228
4290
8559
20584
18351
8121
16040
2719
4767
17507
27008
17373
11483
18960
26771
28312
11277
26775
27114
16393
29335
12958
18474
12432
15982
14613
12299
23380
6699
2052
14860
298
25695
24711
19558
12984
24871
21526
22846
26074
2561
9482
19742
31300
4062
4189
16806
29033
17273
25778
18559
23964
22502
2709
25233
19573
13166
25091
30582
12407
17050
6445
24878
3567
398
24697
24596
28447
12184
8138
2832
25500
24841
4353
4111
3829
25412
25540
22704
2709
10004
20094
26432
7915
9539
12454
32745
6088
29032
10821
29222
14344
28416
19634
5754
4212
23744
18592
21602
15847
10794
15707
17544
21168
19295
3407
17209
28472
32564
23498
1817
19941
15239
6147
4118
17981
13268
14682
666
2895
11779
4321
17157
10574
6532
21532
25946
1664
7326
17669
17720
27478
3076
6995
23053
21981
170
4860
7046
7253
32726
17401
2634
8990
27002
10057
12519
10716
8385
27960
12556
29651
8936
2273
12538
20371
79
5362
15669
16858
27600
30127
29311
22454
21583
23610
1030
25578
15506
3857
29149
11155
17747
7128
937
17931
7572
22105
23453
13326
19763
18633
13736
29211
3518
31052
9964
2589
9608
10428
29043
26699
30973
28326
16413
30541
17970
22166
24285
18336
16065
25237
17189
17979
29651
5871
30879
18035
18558
29498
17950
25372
24146
31891
7892
31473
12334
15659
13253
19510
20312
23811
14715
29595
30413
14323
13820
21092
26838
5361
27385
8135
19164
25232
12360
10645
29565
7367
21141
2077
24288
16372
19028
18766
15685
27936
24313
22299
20448
9093
2668
7460
2023
13133
12471
12690
7146
19869
2
1346
1891
21970
3266
24359
10382
22539
32301
9961
28794
18663
24305
17106
22880
29328
26149
3307
5941
13048
19584
9058
13947
28514
457
6191
7516
24869
22158
17399
8953
8108
28185
16433
12544
3010
3232
19591
9084
12
5564
9087
23282
27351
20252
602
13481
13589
15227
26685
23881
6817
8655
20622
12712
22475
5316
27809
8672
20496
3688
8340
19109
4649
29736
18295
14549
23880
5883
688
2897
2974
989
6302
26380
1568
14463
9853
29025
9611
4157
10634
17578
9381
32080
9063
4878
1990
25157
24000
27546
7576
8109
4399
21907
32027
10775
29533
13835
9452
15419
28779
13235
8134
31096
5008
3312
21065
5249
25347
5169
22010
20051
13083
18047
1420
24938
13492
12374
7774
11572
17110
5299
6980
13766
13201
2670
11402
19406
12331
970
28982
28872
22654
29771
21902
19317
13723
2247
15066
16521
16307
9664
19563
932
31544
8177
9692
13444
28991
25383
11928
23673
1833
31570
20124
24601
31106
13276
24703
14644
32297
16697
1199
3339
20913
10432
14845
29372
13320
23225
24412
32257
6230
12983
741
25114
3112
21032
8735
16648
6606
2346
16254
31484
10753
16800
28969
4623
10442
8325
19712
30259
29087
20865
21982
19818
18126
12474
19995
3126
22559
18157
4950
29264
7348
19389
26481
16284
1077
8779
19164
13661
17194
1030
19479
14246
16040
19909
28786
8977
23344
8979
6680
10930
13012
23497
3915
21070
30363
28643
1777
22729
32551
21900
24144
9950
20629
1403
23574
5651
5541
6530
9372
9195
22043
14692
17259
25949
27749
18920
28160
20101
32381
4651
25548
8858
32273
19258
3967
8224
29666
19936
19846
15710
6762
21181
31698
2323
3009
30872
14044
869
1729
1271
26598
794
3945
4844
2179
31498
28287
9265
16217
13268
21625
18551
14886
19921
9118
20220
26881
8006
9577
13916
32483
17118
12078
20137
23397
27223
31231
16829
16843
18811
12753
30159
322
11602
32731
32325
29286
5014
5183
3785
28167
22119
29420
9375
8493
16448
1987
23094
25177
7210
17913
6397
27662
5679
22204
7543
8336
18
6937
402
15084
20029
1309
16693
4408
24827
3130
27928
19484
28135
16621
32728
14226
7589
17310
2379
4329
12751
8904
9233
30224
18226
25689
26987
23057
2107
15964
22352
8924
25516
17109
23742
21574
7059
748
79
27729
16509
27982
21772
21678
27879
27601
12677
3456
21749
1111
23842
30051
32359
244
10164
21165
13512
25427
8015
500
3560
10069
22620
28112
4749
6396
31722
13281
24422
16776
4165
6932
21056
12255
12234
16163
6012
8242
8697
5467
11201
18142
2764
11938
9710
17040
9287
23224
23891
31149
13905
4285
16416
26353
16578
16628
28189
6486
3005
29638
27548
27447
4672
23050
173
13493
31481
12931
6288
32090
4956
10410
13680
28924
242
4270
19534
7140
7412
9402
7483
12848
11800
10102
23498
26230
29867
4048
15301
5034
15584
8700
13855
15938
27496
6585
6698
12439
14402
18903
16138
13967
3029
21750
26986
15481
12860
25488
14701
21816
22753
31546
13543
27556
2637
23334
16846
9005
7230
493
9451
11202
17402
16523
22741
3313
17636
32427
20768
11343
27981
5158
32210
4890
21900
23494
8982
14109
5457
25423
22837
19156
25398
23744
18625
22737
21143
13526
30484
11870
9124
29394
14073
22884
22964
17788
4520
15755
3037
24936
15352
1187
9153
5240
27600
28227
32426
12962
8670
17071
9434
16371
15244
27903
2844
31700
24880
126
4767
12685
9347
11601
15108
29191
25429
26713
15030
6870
17023
19034
29050
20086
21784
27228
26951
16853
17388
14161
22871
786
2345
5369
24446
7557
5212
16387
25531
16127
27292
15733
23053
16979
5893
22861
22151
17173
32617
30824
10151
7841
28993
16804
27364
1631
31466
25154
20358
1862
25870
29070
31674
10911
24672
14273
18406
5132
15244
23590
17466
16584
13677
15996
15496
19504
16257
32668
11861
23939
17563
32091
25904
8934
18392
17842
12610
32171
28628
17692
27687
17362
21022
13376
16380
15056
4841
2256
25785
12176
11524
28081
18369
20408
30220
1628
20920
10285
13024
388
16021
27865
20565
16121
15352
28076
5163
3276
16829
23776
23104
16308
22737
19074
12804
10928
17476
31022
28717
14830
16544
28698
2220
13548
19834
28245
17631
27613
13638
9041
10760
21582
18288
20640
9214
22793
30888
14587
18466
24889
23933
136
17557
21200
13101
25181
20392
5158
27323
24384
11156
20706
27203
18864
4716
1566
30859
21290
7759
6598
1754
32421
482
321
19725
7263
9469
15188
27623
13019
31141
8515
2473
31018
7483
21305
7394
18027
6642
17385
22921
6798
23687
10102
29769
9309
12844
18832
12316
26812
25285
3809
27163
28463
15190
9639
6037
6046
7356
10658
27230
32085
25244
16176
3945
2895
13978
27063
15257
9652
9163
8515
31445
3232
32364
27504
30043
23590
29652
31627
8022
19861
22183
7668
1714
7673
31565
29382
13103
15845
14498
15290
19636
11888
24815
16713
31719
12158
18202
4881
14586
9025
9241
10106
31943
19199
28844
7833
2080
16661
1868
11349
13664
21564
8798
28104
2118
10251
2733
11752
28676
16061
2583
23910
28562
20533
30343
16854
8264
4671
26915
8209
17068
22041
30150
26071
20873
7986
30384
5817
19265
5937
16508
54
9571
825
21075
31013
7808
7787
22112
12371
25147
32173
1667
20076
13216
24746
18762
28447
4535
5146
6941
13693
2648
18756
6072
32674
12096
1729
14303
32152
24933
5762
5964
12152
26247
5397
22253
3794
32008
1571
28492
26447
25085
4670
1871
8853
32133
20953
8993
2923
10586
18840
16240
19486
17829
31691
11481
11299
4119
13109
16288
20733
28981
27409
10149
1634
13299
30807
1171
20889
23429
22587
2651
21542
2930
18422
18913
16809
13802
2506
29172
27908
1113
31552
7300
12476
11836
24757
31759
13986
12852
2580
32093
25266
9560
13541
12653
25915
3280
20359
5039
14400
30112
441
116
3102
16065
7776
28578
26480
18806
25220
18348
32304
989
9627
23745
1055
452
24330
28740
32358
6079
9449
17533
22653
11383
2054
6286
16460
13381
28973
8360
3472
2816
25511
20094
14465
8211
18689
32250
9138
10450
10767
23087
15672
19726
31023
3728
15118
486
20946
6239
30392
1761
20793
19560
11303
14650
27773
25838
8157
12667
26578
11238
28753
24397
21260
5475
5781
6031
12131
24146
23094
18597
8819
871
15460
18707
23175
9303
7762
29770
2070
10056
9952
2497
4238
12421
11128
584
24145
17015
8245
20378
29181
6609
21323
14897
6385
6666
30627
20830
27917
24080
17093
8600
440
16699
8699
9493
25128
29823
19123
8855
17630
29671
10790
28297
6255
28734
30775
16970
19850
271
29086
7625
567
13009
32069
26450
29277
17755
16626
15783
20871
11934
26919
12371
29159
13714
10311
21051
23708
14705
12537
23158
16176
31012
12241
18270
21093
28410
2094
14311
7729
5280
22622
28464
16135
9038
2313
13912
4184
9278
27596
4243
24666
25954
11556
30077
4360
9814
7566
1454
19050
4500
5612
28046
8726
21991
31531
27242
23543
29730
9507
9672
10317
5393
11454
23288
757
31664
25949
31468
6123
26523
1399
16970
20749
31686
17027
30142
28961
32110
25625
14485
24602
32591
4692
12680
3223
19736
25466
29141
1709
11036
27871
21141
14310
15946
23302
15433
23689
12383
21770
3254
8732
25690
12092
3827
3880
20272
12558
14784
6204
18626
29232
10265
1588
26892
4856
11
4539
17823
21511
15303
22543
9041
20778
2293
3333
28723
25470
12874
3660
6595
28376
18269
15349
4963
7779
30390
14899
8458
21643
20008
96
14906
21018
21858
22849
6450
22689
14016
14475
19044
19482
27239
2470
20521
6091
6032
23472
11956
23150
8228
3781
29764
7566
2698
26238
4510
7220
15804
9655
5819
23747
17313
6038
10174
8737
1431
10697
15913
30743
14158
31758
2639
24315
25565
2297
2317
23180
20751
19442
8629
26653
11518
2173
24651
8182
14820
5822
8180
1527
27693
22844
14763
19838
11985
16357
2870
5259
16864
31826
27224
23074
26463
19277
22601
13297
21074
30608
2403
1843
3098
31184
5406
18644
17409
23034
25150
2262
15636
13757
9035
19699
20017
4168
30530
32388
10336
20309
650
28577
22374
2406
5161
15242
12440
2382
11064
1605
9198
10996
28820
24457
9048
30036
30935
19675
5205
5574
25223
16119
32705
8323
9357
30321
29678
14949
8424
7068
19703
4078
20386
3499
22353
15756
5635
11542
163
3355
7686
9536
2776
11436
16905
31062
30066
17029
24776
22650
4385
617
11660
32033
29076
10265
20640
7097
12687
31514
27653
9360
15678
16313
22630
23793
5833
14669
11854
5008
18728
8636
28569
29735
32057
14912
25897
15970
25871
22891
1242
25593
29069
6761
29623
21019
1588
4486
30830
27155
7994
10735
29185
27942
7644
4285
9919
24506
12021
20783
32627
10174
32718
1591
731
27205
13624
17721
9563
27764
22744
9743
16627
31647
12483
3152
18799
8367
13643
5586
4317
8903
6424
21101
12356
7463
6010
10498
26771
11344
31997
3516
4056
30312
7742
28054
24242
4833
12542
29470
12809
5462
15221
2168
5372
16309
3560
15013
10011
8099
31358
25094
13015
6940
16208
13339
2102
12378
22207
8849
28620
27897
8714
11132
18918
24664
8736
32481
11784
3394
12978
7543
7834
7886
31629
21678
9438
25731
3111
15345
26917
22976
21879
5928
6979
15451
30218
17026
16192
30345
3156
2929
12880
24574
836
6902
31749
6741
3355
21790
16324
3249
16509
20941
25206
17061
3016
21178
14463
12881
29350
23227
20468
11726
18910
19011
11016
973
25968
9512
32456
4986
27872
26026
18953
22439
18898
178
22686
11558
25815
32599
1742
22646
9351
20902
22789
3747
25296
16035
15305
1383
19597
5515
32752
20117
24410
1116
26384
695
31143
14231
21560
32502
12556
10053
29917
14907
25308
13624
30231
30100
13053
147
6670
19417
27895
4749
16814
25743
31562
18545
16035
19980
26885
7913
385
17116
8596
17021
30786
24164
25306
2391
12534
1221
5504
14921
5302
516
32652
17681
20186
9319
1333
20443
13420
22050
27637
15879
16348
31282
21473
5165
29940
4234
23350
23902
16655
25965
8244
30125
11142
20507
5423
24046
27244
17583
23267
31934
12155
15688
5384
28868
16717
15975
27942
22582
13520
31384
14251
12702
23284
22869
28475
14814
13990
25895
31303
27505
3842
25870
28385
757
29124
9507
18638
11494
14848
12924
17885
16557
28436
3664
23672
11481
4058
7259
121
30892
7714
20612
10815
32473
32351
24510
21504
17804
32672
30764
24928
6059
8130
17544
9539
17243
24548
16069
31200
8647
15644
5619
7960
19485
8552
11108
21253
8664
24808
27405
22741
1093
5962
814
25049
27456
31109
16182
3289
14143
28618
2529
28587
25747
2999
23203
24323
1002
11983
4681
26765
7191
29991
2782
13113
22806
14433
24267
14807
11338
16094
11075
5091
16906
27440
20958
16546
28764
32718
32132
10350
768
19212
28301
18509
2225
20298
21030
15305
1447
15211
10487
6396
12128
18313
259
21227
5536
18918
1743
5653
23735
6182
12742
21323
27906
2236
4060
27841
15284
10403
29810
14694
4310
31054
3705
21105
28301
19169
10715
24380
32156
1697
8214
21334
9001
32169
15402
21204
9156
4064
5558
12519
30629
16167
10078
15540
13365
727
9327
20575
11985
28522
20934
22121
15562
1656
26094
14653
13488
17126
13448
28933
5328
13658
10480
9154
29435
17649
21533
2972
6537
26677
4553
6006
30110
27209
2258
31174
15020
4199
2785
6564
24377
13197
5961
6689
22243
8818
1330
27609
11681
24511
6390
7372
26699
4220
2251
23145
20061
11976
13475
23020
248
21710
5456
6890
809
13300
9964
14378
5998
3157
21112
15031
5750
14450
6851
9011
9001
8484
4237
7534
24552
11734
20973
4664
2326
1264
6384
2931
6359
12438
7555
7788
22551
31635
20115
20587
207
6800
9842
10632
21891
30090
7805
27073
21008
9603
1532
5194
22948
31351
16457
17700
1550
7569
11829
1265
31800
9119
18087
3847
27121
9156
8838
15811
4336
9836
32729
4383
790
133
45
903
29684
28397
9783
8425
17293
1574
22203
5132
9821
19025
24749
7714
3738
858
20629
11424
15033
8560
4920
333
3380
17848
11124
8345
4491
17218
32620
31281
21129
11324
229
32720
26056
16229
13552
7768
20599
18885
24266
19745
10587
20636
20992
10129
7188
6040
12246
17645
12706
22346
5098
17006
551
14299
29717
13208
13294
25595
14226
27847
27565
18459
18786
23563
4615
20956
10734
25653
4693
17351
17391
28210
30374
28990
2187
9368
1284
30386
5824
3455
16890
16919
29190
30354
31827
32661
3120
26470
17955
16001
9876
3594
32524
25227
20075
23007
21434
13625
30843
14505
22192
11156
32755
10727
5703
13345
3222
7264
21491
8466
9243
18943
16585
702
27348
1504
25406
1615
22415
12459
2610
11450
24250
18209
28973
28149
22730
16116
31208
7268
10205
9692
7951
7316
24733
14055
1093
17707
31336
23057
18281
31519
19119
16916
30487
24103
20380
7297
21106
6511
3576
2064
13857
11408
1611
17716
23192
16575
1349
21747
18329
24132
21340
31221
8442
5679
1975
20443
12456
29766
587
27858
20972
19777
20804
16743
8685
15674
1446
10909
6519
27231
15156
27196
29690
24554
22417
31085
2006
5459
17573
27012
29653
30147
10818
18205
17913
31693
27399
13162
32633
13657
26757
10187
6662
17376
21153
6047
29266
11487
1593
25691
15315
3717
16139
22489
25029
3247
8402
6386
31086
2583
23473
20046
10661
456
28629
25467
11157
5334
21591
9277
18623
8267
1375
8741
31294
28516
15759
6245
3407
24062
24223
16867
28944
32587
19780
21900
4488
7369
17495
7403
25576
8565
25395
22778
2064
17724
31583
26936
9045
3250
24941
26875
22658
28934
17697
14088
284
17462
21718
7009
3051
9599
12318
32606
9397
6680
28073
27647
2381
7711
14440
17025
12237
16852
18417
25391
8735
9989
14374
13947
12994
29385
1041
19533
28362
1905
10259
1435
28969
6844
12094
31802
31534
31818
12287
7412
30283
8275
31744
10202
17179
17049
1868
2779
31139
13723
19125
19094
32473
12812
9587
28013
4962
14979
525
7387
16288
26484
17021
28935
16620
12127
14223
6809
23584
32583
10122
24268
14681
14182
10258
6596
11515
24607
20301
15139
4597
11060
69
28887
6470
5433
22157
29749
12992
15177
29992
11596
29451
14583
15526
8307
6894
8839
11408
23077
9162
28511
29702
19727
30055
26808
30119
22118
10483
28825
17073
23678
32072
13574
20841
15257
24686
9077
29374
29949
12897
12417
19241
21577
9492
18402
21207
32520
23989
30877
8458
8839
15155
12664
1725
13284
26110
8625
15495
30312
3342
4591
10177
15382
29734
18809
31467
5252
14170
21414
13644
24042
26575
14741
17881
27769
26050
1053
21848
15342
7115
6663
31685
24422
32611
20091
25845
9076
31397
13241
10361
5745
9041
1546
22725
27411
25366
17141
3474
26945
29969
16565
28032
24870
23697
23019
31488
21637
14621
401
10353
19020
7096
21295
30601
107
16739
29521
10231
28646
22244
21560
14662
22313
10694
13008
17413
16029
27297
24546
28197
11128
25755
10635
32418
29913
20015
30957
21606
28436
5933
30756
17514
24906
22530
21627
8990
31038
17978
28896
32011
12643
21059
7318
17078
23866
21108
8746
27592
20442
24397
17064
21869
20688
17665
28942
24570
21290
11825
25089
4050
8911
27643
17343
13706
31762
32563
12885
24907
16774
18160
15378
9592
17427
30795
2619
27793
20809
17251
512
26200
31733
18853
29103
20530
21234
18762
7720
7375
31298
8736
17553
16141
23133
6030
25675
7194
22985
29650
25892
26841
21739
28814
28110
30344
18461
2179
32400
12959
24577
5788
9275
24059
25620
26158
22368
16187
12166
6270
23488
21611
11337
900
13316
18400
1128
28142
32174
11362
32154
19560
18768
17553
13079
25627
17147
22913
8618
30323
16123
25768
14855
23078
32449
4346
28000
9586
16929
22354
26675
19878
30910
14868
28518
24547
10178
25616
5013
14116
22482
11946
11947
21372
8001
21304
24495
13983
7299
19372
30945
27044
29925
9843
5126
4105
11132
20893
16640
11256
25691
8509
673
30664
26633
5395
3521
30919
31539
8552
32398
12087
24221
32570
30756
1942
2910
18329
25182
28963
32589
24145
14827
15773
11703
28617
9892
11854
26707
1579
19484
21064
21623
31173
2169
6639
16523
16560
5507
17335
28095
25007
16379
1583
8697
3673
10542
6975
5649
10363
18122
4269
5185
14008
5359
486
23255
3186
11913
7932
5933
10478
16350
9451
3291
4530
1891
11040
15659
11314
22740
27196
8910
23212
22147
24597
21965
24657
21745
29949
11202
20645
7323
1608
10311
3624
32278
31240
20911
7222
27742
16411
15860
18476
4460
25704
27633
28108
4358
5733
15569
23267
28123
18909
8648
5672
17615
21744
20993
3432
21140
12123
7383
28384
30586
14073
11335
12779
11656
7562
19365
4829
9419
25524
1679
1582
31214
1351
13344
26331
15115
15045
16997
25609
11969
29730
22037
29163
4487
28872
4732
16871
15679
6366
7609
1524
28431
31690
13609
839
8044
6132
26147
14382
8311
20429
16102
6460
30349
12305
3023
10662
7961
27465
29904
29421
14765
11923
3869
8125
18258
13221
14120
15894
29724
13328
18128
27817
7937
8642
31701
30597
5098
18639
8848
10226
11275
15985
22753
19357
18544
16717
32104
14070
23257
28407
7928
18135
28872
29369
72
9574
29912
4496
1004
22076
6736
14200
5252
19911
9976
27113
23860
6124
3884
17314
26196
20977
6190
23973
27240
31643
29889
18819
30546
25491
4083
217
12230
13070
31290
28187
16639
23725
11458
29328
24752
29346
5894
3486
26430
10261
10910
2376
23084
454
22871
20469
31447
31219
14729
20339
11619
7036
17573
3387
19445
22597
25614
20471
14882
7900
16426
577
19624
29532
1464
12974
22876
3985
5476
21771
868
20060
20888
10470
6054
26201
32406
26961
3456
14272
26820
10722
32698
12681
17734
1278
12729
4564
210
32599
29941
1415
28864
17588
685
27449
6753
8689
7641
15695
1170
24646
4448
26468
18321
26060
24203
2799
20239
16188
12217
30495
646
30458
25429
22538
18380
23891
17158
24839
5097
9731
15141
30296
32294
32507
9844
6669
2406
1121
525
8228
6073
13783
7576
28149
15407
20736
7105
18638
24298
13632
22250
30682
26487
13508
32284
15687
24927
30403
32324
27303
20216
20227
2972
5271
7809
11934
24423
10655
30062
4614
32225
28762
17921
4167
6262
12503
25370
28556
24626
3390
1616
25317
23673
19895
31808
21831
6648
9095
27429
26069
17883
10108
26538
31069
2368
6028
19452
1318
14572
6073
1314
30441
11581
31288
19089
24093
22112
21201
29691
14967
24772
22921
24937
5042
32207
24703
10633
16012
9423
24852
585
29457
24627
25678
6052
6171
31483
19071
17596
26650
8813
13857
25386
21265
20490
7685
9362
16865
4032
19117
10874
7882
30305
17142
20572
18223
23636
27641
23545
19097
12427
24628
2033
6911
30644
16869
7313
4677
19380
3255
2796
28930
28497
10912
15917
14982
18990
20490
5931
4636
24829
25393
17982
32140
7664
29388
30546
12516
32112
32751
1081
18296
29458
7984
8518
3624
6855
13577
14359
17121
2643
20861
25778
28007
22272
28414
18644
13649
9107
6287
10629
22869
19071
15142
2800
11205
30809
9812
15986
14426
19084
39
5873
30513
17998
12368
14191
12563
15314
1665
12254
30969
27071
8217
23606
24271
29922
20739
14790
16249
2079
5083
9927
22036
12462
17747
16439
29310
19076
11990
20965
31000
4366
9323
3272
4042
10277
14811
30612
7240
12607
21270
19855
30612
16610
5075
16289
31429
18527
29303
19371
18694
18364
29240
7706
31457
23538
18562
12732
3774
32089
29081
8658
17062
608
30849
25190
15181
14977
30235
21215
7248
13684
2960
24274
30139
2723
23538
8475
10958
13535
18721
15661
13825
22097
30700
25254
28229
30899
24441
12071
12685
7616
26599
25186
6285
13288
23601
6260
6081
17225
13142
32374
12722
26331
29879
13646
7797
26090
15296
22219
3188
458
7882
20722
24177
19398
32064
2962
2759
5977
30977
3103
32755
23713
7942
3004
12884
7952
837
13210
14127
11365
21461
29569
4342
18394
10066
9900
4298
5535
2691
31450
28990
23176
4410
19874
3678
25603
28284
29703
24304
11340
22498
8268
4857
3812
14399
23050
31619
8511
30083
15487
8094
956
19936
28457
8869
16091
4139
3219
24514
171
13188
27504
24244
20097
4665
32230
1488
32495
19432
15148
11590
4084
4836
18263
30630
11633
26842
19825
5027
31708
3765
16332
19222
31544
11198
29333
838
5701
28680
17580
4710
12788
13835
19123
3679
20765
26511
12390
30928
8308
10700
17450
27731
32442
5327
24808
12035
21808
31263
10779
20027
21585
32417
20008
10144
26816
3001
17135
865
31872
23474
12447
9149
22627
9568
32462
28102
14789
11011
14281
3941
28793
12399
13864
18079
6404
7274
20646
11798
18185
18774
30768
13011
13317
18704
31804
5954
17981
8215
26972
10110
1012
15345
13843
719
18144
10442
12775
7794
17375
19039
27319
26008
15079
7194
31823
6832
25403
15486
32314
24041
26597
18374
983
31987
2144
17865
25264
28678
12693
12065
13062
10278
8969
19852
16049
4773
29780
31634
21031
30185
3797
1897
9178
2928
28580
15637
17863
31504
17864
23507
21835
7044
16554
31416
23865
7204
8906
8342
7723
31732
27825
4895
12565
29152
13351
8525
14368
10822
31653
27905
4533
32181
7693
30698
16855
1269
8857
30632
1463
11847
3345
13617
17794
14317
32322
31604
22654
13293
14507
22845
20309
30995
23929
14937
14513
9525
30134
7162
5128
5306
7101
24669
26298
29533
22769
1449
10073
18991
2990
17435
29511
11995
27008
22368
17031
30766
29075
30530
3533
7127
25451
17287
6871
6507
3541
10006
25344
5804
2590
30300
18451
4362
14210
19694
2909
18538
2791
28272
15110
18215
1740
11957
2465
11094
28540
9511
17409
5455
3975
12138
22862
24425
8306
1852
10585
772
11182
28576
3373
20173
30663
15675
19943
21053
21982
15870
32199
8803
25433
17413
26502
23524
5081
22463
2026
1600
5996
21840
17817
15446
28933
31027
23339
15915
20777
8228
10114
20455
2282
15933
22622
2592
10521
20831
9004
32603
8632
21203
31
23248
30126
27697
7042
23662
22206
29569
29005
22047
15802
29345
18166
3661
21236
15847
30601
11173
15094
24070
17915
3611
7027
20790
10684
14638
27773
26511
18827
13165
27127
16054
6286
32570
14670
8380
18850
4302
5988
19011
3312
25981
8909
23523
19393
8251
5694
31436
22163
20320
1858
25772
14699
16296
32047
31443
10862
126
29785
2197
18091
32122
8581
18671
4412
20776
2465
28526
26765
13579
16818
14413
26107
13025
27405
17373
23457
31529
16330
16682
25710
1251
17270
11228
14971
23191
27656
8539
18332
14488
22294
4407
9270
24714
24393
19654
30800
17954
9743
14863
29420
31021
25999
11750
19351
28884
7906
12633
575
7198
30848
13899
20805
23478
24824
32607
1491
18671
18917
16152
12912
28165
3869
12862
28625
21414
24107
14723
8178
1968
12800
13926
26470
317
14053
12120
20716
1501
10932
32541
20290
29730
3400
4982
4414
5986
13618
32509
23578
26808
7341
25168
24592
24908
31445
28785
15142
16852
32019
4717
7756
29531
13532
28220
18596
25921
3483
21737
19745
3204
24299
23539
22099
26685
28426
9714
23681
12142
31114
7805
505
3066
3658
11596
2468
1781
23717
9370
7133
2590
16105
28365
19843
6826
6667
16217
7501
12612
26009
19170
23390
21329
28655
19105
12058
20856
12974
20232
12087
20322
19306
9641
16407
30910
27811
22100
11349
1929
23287
31615
11166
32652
19093
31211
19394
17190
12533
23429
28682
25931
24263
20875
23245
23757
30249
8687
30014
31962
4380
1024
18824
22215
11321
12359
25373
26891
10656
10159
2378
16271
50
30186
2064
26917
27392
29455
31535
26197
11522
18568
20355
30048
15629
15659
28307
24447
28159
3239
18536
11116
26429
20002
12187
22819
351
11808
15282
2794
23337
32679
9645
16271
15037
26785
21211
497
3856
11649
498
12737
9627
24617
20063
18826
26707
30219
32219
17903
14298
2447
19519
4661
13815
19125
10649
7681
5188
25340
7807
98
15142
20610
19107
19473
23810
31852
12712
30968
18862
4232
18996
1778
5670
20529
839
15826
27777
30836
13259
11942
6179
27505
10348
23101
8755
11011
17321
8422
4688
26275
25643
24443
10111
8329
1366
23966
7528
11797
19999
28995
20931
5998
541
31599
24077
6761
2274
8766
31103
21676
32651
27691
14144
22803
2198
8332
29914
13394
19956
4444
3307
9436
26975
12861
8733
2564
9966
8381
5719
20066
21991
473
565
20857
7124
22720
16566
5270
32217
15065
25397
12027
5188
1286
8603
19773
7270
30251
6866
16363
23714
21226
31101
23920
3779
30385
20710
15163
17554
30199
17975
541
31401
13762
23022
25074
19842
7277
25995
26755
1235
16296
8587
16299
26910
13248
18330
5817
6019
24609
9477
15126
18394
32025
12654
9256
14590
7902
32195
30325
14187
29139
3953
16908
29196
3079
31700
33
4430
30718
22514
5111
17529
23733
20586
21251
14656
26336
32167
22606
12695
22390
18521
10011
11204
23407
29222
24778
20665
4301
5788
4604
7329
23769
14443
23288
30137
30639
11985
30541
9569
20732
1877
26809
26483
12807
12216
18762
979
16622
31785
2243
9799
18738
23992
6465
26761
28022
23821
20254
17051
9860
11610
30742
21851
13201
27534
28072
17239
24514
24012
9919
3042
16623
18203
3218
7272
21414
9055
5833
3070
6259
24456
29409
13629
5726
25097
15057
8785
26294
30603
32494
32589
11789
30691
9996
1729
9860
14146
28390
7311
8009
6060
448
2810
5469
20140
31050
5632
18843
13125
17352
22762
30710
10283
13680
8737
5122
30260
18707
16707
11958
11017
21504
31606
26992
20513
12582
6653
6713
3568
10104
18185
1354
3931
3990
11473
20432
14704
31913
2788
4077
2900
27790
13758
7679
14972
17208
13466
2852
24352
5455
29064
24830
17645
1565
12223
3763
13307
15531
15412
10040
17918
13351
3180
21712
7104
27529
16270
9679
1743
14455
13756
5796
31602
16741
12707
32022
24290
25344
14417
14542
1463
1229
9031
19734
30369
8461
6352
18400
17752
997
24209
6666
6614
1467
14944
17632
14275
17635
21850
227
6705
8827
21807
16841
30601
1683
8129
15300
16837
12178
31982
19975
30432
4308
2729
30343
21899
1176
14160
13054
18978
21786
13881
29494
10206
24828
8847
132
588
24298
17500
32402
15102
1150
11238
26978
6016
5217
5951
13456
29581
6068
22040
28632
25475
18094
8150
5335
23317
25734
4072
25110
11328
4755
15447
26436
29312
24242
6814
9923
15939
4328
9917
28775
5278
31816
137
22906
5951
22295
29510
30211
26787
24111
7031
14151
8329
18337
7925
5009
25766
18590
11071
23343
31130
12952
11793
24253
24611
27556
31800
19110
21136
17955
23204
23527
13945
31649
7615
21014
22190
20221
21245
17059
31085
6602
10420
12639
9944
18678
2095
4666
13221
3241
5630
6225
25624
16240
3215
30248
15150
18587
9475
29491
18972
32228
570
31388
5111
18513
21040
1856
22965
4187
6541
4347
25172
13647
23927
24357
4953
5109
8107
25692
28028
24688
24780
1924
16802
22373
7418
32269
12811
2655
30375
7028
21453
19314
934
14861
1153
31775
28805
8447
18492
17272
28189
2960
17345
28548
7527
13731
9972
1509
28050
4478
7058
18360
8274
2769
3104
11453
26746
31476
22305
6584
22221
12913
17036
22039
2321
15298
17277
1236
20326
15196
28203
9373
15318
4332
8730
23347
20525
7648
18066
4112
15883
21801
11087
6732
27959
30783
24954
1473
15414
9574
8408
13166
12061
6961
3394
22809
163
21828
28757
9272
18810
26205
15210
1042
12768
13206
26056
24354
24945
29924
31513
14268
8511
7908
28187
1011
25636
6615
920
15545
10583
27114
27032
26696
27966
11452
20181
9153
7299
4122
3695
28691
15722
9741
17377
17951
17250
14870
23348
13850
16602
3000
29043
5682
27477
4663
6494
1140
9665
11680
22626
16365
1284
26889
28617
7439
729
12826
17967
6487
21210
10700
1333
21037
3549
29297
16249
25356
10116
7925
12997
28386
25104
10083
31366
22714
13430
1706
18048
28568
22197
26018
27073
4516
26726
30538
21971
2699
26005
27220
22070
12579
24015
5091
8205
2126
8572
14227
2584
26400
22896
4282
226
27716
15548
237
2876
16539
22730
1990
29417
27943
8105
26597
26011
18472
12453
7477
8735
15748
3867
2160
1492
30316
15243
29670
3681
9277
25327
21882
9127
29348
6219
29165
15861
25862
19590
17759
15483
8991
30840
21778
2
30953
11588
20082
7642
3519
32488
5970
16147
5826
32018
13177
32752
2172
11830
9053
25496
3011
16605
8238
12303
14816
26432
22806
18021
25585
4373
5568
19245
27020
30633
25111
13105
25253
12335
10064
2148
8370
14423
22058
31512
19212
12579
1652
4977
6809
15351
12240
5914
30888
11759
24504
30518
1308
3444
4286
23194
18381
3602
1816
6201
4395
32388
22107
13791
20005
23825
29831
16163
21321
1564
32324
2199
25388
12534
4203
13121
29708
12022
23240
1103
30900
8396
20511
25862
12448
5650
5996
7932
17250
19236
8815
10375
11076
31026
3432
5493
13103
27795
11296
32765
3019
21852
26664
32246
15336
1586
21605
30279
28701
5468
6605
27295
28078
5148
8555
2406
11443
20544
8105
7155
23927
21492
25806
9471
23839
6106
5830
17241
23948
7005
14370
11484
17538
22338
8287
21919
1545
15999
18795
5995
32275
16721
5733
28018
3424
1673
30628
6205
32159
20262
4092
15847
28886
14377
16188
23177
24579
20133
13819
5365
27908
10774
30357
19367
2996
243
26480
28152
18007
27527
23172
30101
8504
18684
11802
5168
24976
31417
27347
26997
15274
27118
749
21824
11333
2924
5826
14861
314
21947
25233
17328
21854
23910
14721
1606
938
2970
12771
2411
21913
8943
26296
5037
28882
1670
29299
19009
18439
30548
1792
30965
4893
15293
18180
5734
4749
25957
17511
22643
8714
10563
18448
27889
24164
32247
18159
10912
25260
29789
10305
20062
24729
32354
16655
6299
6186
6166
10488
24333
29325
1795
19505
26277
17472
9150
24266
6593
31350
25019
5427
28323
14268
2405
17918
4642
9180
22638
22758
10911
29441
31844
10001
18235
26653
7046
12434
20295
22152
24533
19250
1533
26346
14446
11888
30317
9050
17686
198
23481
3783
8215
18990
22917
19351
31307
28645
6314
5519
15734
7535
7210
4851
10456
16091
25193
16622
7171
28744
9882
32563
1003
1704
22135
32485
7740
5572
4149
6325
1776
6017
15543
20042
17440
6241
6658
31461
17434
3404
18929
30533
437
13969
14633
13512
17121
13352
29264
5076
9602
12090
12666
31093
28287
15586
19428
26695
20245
24118
16357
8343
5234
16769
289
3013
30079
10451
21760
30444
29437
6588
21343
24773
32211
14932
24453
24265
22438
32638
11608
23958
25003
4206
9936
16532
19897
873
17837
9432
26019
22476
13669
19273
23748
20816
20833
28161
24539
6284
21352
1270
22298
17596
18012
15833
3705
12992
4388
11070
14416
19816
11753
28414
32293
10990
24965
25561
5058
9156
1848
2656
139
18064
17565
15635
4879
19830
14813
28614
13021
30869
547
32329
1177
29140
6224
20039
5199
7646
29679
18543
31238
32363
29291
27858
11417
2498
24703
1676
30402
7035
14319
17063
17016
25226
25974
11836
11899
28793
11007
24539
8749
19957
29208
20525
21411
14476
8867
9688
29692
28085
20942
30883
30193
10001
23878
20443
8878
11248
18088
24565
28896
7191
25401
19316
21008
22465
13270
27406
27183
10467
31022
24842
25970
4532
22574
31724
24672
25709
8893
11348
5673
2125
6314
4644
18745
4065
13538
25825
6669
1154
23271
15196
16453
2847
30845
30353
23035
17981
28583
21455
17748
6459
23761
27161
14420
12507
3407
5837
2807
29950
14854
7555
26493
18351
23145
32568
21765
13667
9128
19628
20573
31359
2083
30728
26393
539
19237
27076
2274
16902
31951
23752
785
6154
29266
17873
23165
3185
3682
18967
30608
7623
28135
2349
22689
31202
19701
15912
15997
18464
14334
31747
1863
26864
23878
2370
11139
20116
4760
7894
4461
21285
25400
3649
10895
12247
14872
4858
3986
31102
31822
21267
3669
18001
10182
21273
24124
24814
18996
24892
28363
11423
25677
15279
1139
7900
3383
30290
6059
29201
27198
25487
10819
30113
20168
1153
1781
7978
6283
17500
7998
16651
7165
777
31596
2595
13580
13072
28919
13020
20496
3771
4884
31592
32510
10361
4488
24395
28382
23168
31162
8730
20863
22966
3597
6530
3945
28626
10092
22667
22035
8382
21799
8222
22102
16192
12029
14534
18210
13530
3450
6579
112
239
7299
260
17015
13094
31791
24902
32035
25876
25560
18487
11203
30485
31602
8912
6402
5242
24348
643
7960
17130
245
18370
14401
258
23857
21952
29550
14399
13420
13179
8507
1566
16445
15866
19746
8321
5647
20435
22254
22869
11308
497
16498
1394
13595
27028
890
19138
17708
30617
1026
6566
30289
23804
29350
21909
32303
6299
13146
28935
27253
4669
7259
145
30573
26322
8550
2385
13521
18941
16167
3724
27871
8399
15092
8854
431
14806
2747
32498
13509
18006
31033
26555
3299
30934
23149
24130
20000
27870
25677
26361
14398
15360
32695
26256
32569
25621
9642
23133
12828
25289
7350
28673
1048
10842
10929
16457
11223
21404
3756
12626
19726
12609
22309
17393
8274
10327
26751
20561
19756
29202
18351
30174
10863
10956
32055
16994
22729
21066
9304
21614
27545
8513
31363
31996
5120
22552
786
9298
571
27376
4917
30250
28976
12002
23087
6415
4166
27783
14786
29962
16250
31678
743
19838
20912
19625
27331
12881
18758
505
19415
3148
17135
108
1911
18629
703
6035
7037
26747
22402
10201
16446
30145
18514
27073
8893
9695
16489
14959
3871
10677
11571
4458
8031
29089
17063
928
16963
26787
23000
30635
11919
27327
7623
28498
5752
31395
31356
2643
12123
31370
597
9824
25007
27744
15773
16487
13625
32039
6240
31510
19838
24473
25214
28319
2686
14863
5631
9656
8607
11169
22438
27622
17128
11407
26057
20732
7791
19936
26976
1502
24085
7240
23899
30347
26480
10831
57
17755
31241
1456
982
2949
32200
7167
28548
739
5548
21135
26718
31994
19135
21907
21465
19253
25418
25219
2204
31857
14917
4546
402
5054
11025
25469
18237
7268
25962
5078
845
16165
15767
31298
29297
15554
19683
30767
10349
29121
30289
15083
23149
18284
9100
21697
9112
13853
19997
29029
30697
15545
10464
10642
14650
29051
32185
14833
8866
4083
4995
8509
32257
10318
12361
27045
22489
21463
3001
8561
9568
4798
17877
18153
4307
14104
13804
11122
24588
296
9673
4603
10583
20701
19754
3223
19074
4251
8564
23915
22067
15679
19876
24267
27518
12125
26249
13984
11191
2507
12081
22797
17029
29028
417
7762
13368
29190
12232
28656
26205
13533
28854
20750
5775
27620
11786
17947
13200
5800
17833
24501
19608
1104
5046
27849
2796
14042
22718
6140
27059
2983
20530
29770
8197
19770
2843
15597
28998
4669
25353
19585
22450
3524
6476
3941
15672
13526
30311
30052
13964
23850
32194
9877
29816
14638
2463
32639
24435
21837
25423
6273
4468
31346
11174
23666
8712
6600
10156
29316
30883
9669
17813
32622
6451
31846
28148
458
7931
18108
29995
19899
22943
29095
16678
27604
16507
9186
30537
24373
12345
21823
18086
5879
9891
27444
8820
3787
28853
32407
188
25309
32503
11942
29014
23295
21514
9546
8468
12547
16768
12445
7485
5736
26353
5545
27453
15674
10058
115
18586
26675
2153
13624
10026
17958
12519
26358
14724
7326
30773
22318
9140
1474
15595
8936
9267
17787
30044
24825
18710
31193
11886
30081
1413
10931
27817
16055
15215
31886
9101
32489
3452
2752
14121
10174
3395
11478
15337
27327
6590
11058
26800
13077
506
9977
28454
27796
16403
14636
11860
15353
24672
3348
29550
3184
26859
31204
15599
5722
21796
24474
13291
17228
31190
19238
20385
4955
25945
9678
22353
26519
4106
29649
13901
21973
28920
26186
22097
27058
19168
17496
29719
30420
17756
28540
8743
24691
9815
1858
28141
31256
16324
28708
23309
26021
25999
16811
10491
4758
32724
24535
5830
17030
3408
17345
6452
14069
10773
14207
14100
27720
28289
2376
32720
1553
14960
31192
20546
20625
16561
27158
22984
31612
26295
3061
8091
29179
19601
6808
24156
29687
4381
23993
4592
21653
9848
31819
3470
509
19128
25182
23062
14944
30942
15940
20133
4665
26118
22770
5990
12243
24289
19880
7851
24587
6501
25813
3132
26711
20163
5685
20206
14855
12698
30268
25720
27339
5226
4791
21379
5750
21579
689
3072
3585
23519
11667
8638
30675
21125
3472
5436
17727
19407
28992
7868
8527
2871
139
12184
15552
12301
2249
7641
6989
23988
21543
11782
17969
13326
4173
28474
2023
11317
2110
7545
5428
11628
13695
32324
18279
28245
27771
27499
19424
30308
10278
35
27855
21395
14561
7256
22334
22615
23198
12869
594
30163
30276
4673
7117
1612
4693
10460
7640
7134
14030
25386
29184
10093
18510
11615
17790
3038
7803
16284
29371
29062
22945
11529
9235
28130
15261
26916
5081
21385
2042
14169
3484
15968
12121
14546
5289
12301
18966
3216
21457
20654
9768
13755
14957
10186
27721
15414
27295
24967
8280
15223
23770
29726
251
21398
23716
14733
2696
12451
17050
20876
8486
7229
4021
24513
9775
19808
19917
31287
31961
27263
22875
23565
16918
29139
30851
12395
15288
31730
25426
2490
17113
3235
8516
22805
11642
26097
24585
31226
31594
4478
10120
9798
19050
5146
3877
26208
21902
32660
22591
20916
998
22224
4605
13155
19038
30746
10827
26424
25827
442
4127
735
10951
25801
19201
8017
615
6723
11210
22163
14347
11869
31404
18848
15373
5656
18034
17060
3134
790
14601
18282
19589
10668
5440
12312
21193
11578
16844
5658
10769
9911
1423
12124
20714
31120
22810
27068
14090
27315
29040
23231
15922
11750
26636
22402
16985
23902
9254
18676
27910
3981
26931
4163
22526
32571
11947
3988
17183
31192
9486
10999
24972
2065
3113
21914
522
1185
16022
32573
5802
5482
5762
30181
24489
15044
4018
4053
15764
26901
19144
12730
28335
24738
21955
1318
15256
14244
24006
29503
22312
19103
11802
14265
30106
1775
8309
8193
24303
17315
25213
19131
144
7311
13448
31599
16950
925
1446
22143
8711
31844
4321
6493
23554
13820
24515
8954
8348
30480
22041
24706
7851
4148
10999
29254
25732
18553
29436
7418
23648
30783
8151
23328
26629
17995
6410
8900
24482
15130
20974
13162
30714
7796
248
69
21444
21316
23610
2729
17490
9638
32557
16579
32114
16194
23981
13448
16530
13785
26693
16107
17191
26653
17837
25427
21583
7366
17809
1868
1460
6114
28820
21116
23476
6764
22933
19162
18624
33
5169
282
30722
28559
29833
24939
11075
20591
31813
31845
12299
31796
6361
23613
12298
23780
5894
14908
24758
28199
28580
10351
22070
21662
20896
927
32127
32629
3393
16771
445
2108
17583
28469
8436
17650
1461
29667
13287
16483
12486
27591
27961
3253
20798
12121
5074
9277
19179
23235
15492
19607
204
27029
18158
12277
22808
15034
8609
8375
17026
4267
6530
15164
7868
25058
14448
23032
13882
3474
30502
4039
6456
18581
18018
7297
4606
22181
13127
4047
3171
25552
11007
3645
5776
4646
8614
27792
24326
4021
8291
5465
21475
18615
32472
27850
18272
2569
19389
9929
15775
10207
10439
17219
18340
31927
7631
9411
4001
21643
10032
30019
31350
6219
881
19778
632
19850
1060
20758
12145
15992
26125
14468
20457
24080
29831
29838
22436
15506
31780
26508
1900
8244
20628
25470
16913
5652
27080
25249
12973
3954
23638
11840
10284
24348
12576
26573
18956
11049
24625
10288
2658
9962
29415
10591
31006
10526
4439
11823
23695
29285
32493
7274
13098
14328
19027
32033
647
18070
13460
22339
6060
20930
4994
6255
7310
17195
13141
7
9941
7788
31636
16518
9184
19701
23353
19219
17929
26185
16400
31062
22314
18539
7520
2442
5216
5266
17869
8403
30478
25636
7293
18386
3877
18914
24954
5495
21155
29536
7511
31767
1626
32441
28695
27839
9203
22656
18250
17607
24882
13818
16249
14762
15484
32650
13508
14101
12950
16236
18122
25405
431
26790
21449
15734
7585
2620
12038
2818
14708
17060
5744
1574
2595
1913
11136
899
9891
5492
29539
420
10530
7319
8795
22228
30093
31915
13923
28978
18772
9709
9490
23815
30833
29189
8385
1366
31655
2359
14576
25269
13319
10205
23014
3164
1977
22549
28568
24444
15353
29623
12236
12498
12384
650
20350
15483
24421
18615
10115
18442
18467
6525
3180
10968
9565
16935
23981
12443
5567
8507
4095
2618
6502
15861
14082
16608
2211
29683
21031
24400
26620
1842
24781
17784
15732
13369
426
23112
19213
4244
8557
4036
21130
20356
31905
27992
18041
16117
30933
5228
3185
4272
6394
29497
13465
17362
4364
6619
19049
17021
15605
26023
8885
1997
32430
30398
19175
25102
18343
9186
32140
9516
20841
24713
16402
24938
18810
18736
3535
29271
29824
18930
13382
31231
3242
4953
17574
7262
24396
20852
16020
3866
28105
22826
22570
20849
5558
16333
1856
8303
1084
4339
12266
31589
30910
5761
7233
19608
6844
26376
8551
2614
26360
11861
5573
25486
30679
25667
31895
20095
11529
26068
2731
2353
30316
9344
26725
25604
17966
24525
21767
26566
28211
7456
3887
11305
27830
20947
9890
29300
27698
29575
6983
22648
31363
25276
28023
14278
15176
25503
884
1311
6541
6434
2102
17452
15527
13906
10094
25455
17502
23014
19141
5242
4178
18451
15460
29791
5783
30376
21178
6247
3491
8022
2425
21255
28010
19535
11234
17679
3015
4884
29763
3877
22558
29063
17598
14194
31296
328
23883
6043
22670
30014
13056
26355
18786
5492
19601
13551
29610
11559
18451
26586
8918
7965
28165
5065
4597
5176
30096
15826
29210
30794
24078
24441
12293
14635
458
15979
15615
31753
17926
27759
24326
15616
3139
921
19498
3306
18620
29376
5431
24953
25140
28211
9108
11139
16113
22696
20075
10140
8969
14453
19210
7402
17372
3331
31882
32309
13538
6271
26286
8510
4519
29138
18445
82
2323
29396
8052
14878
11759
22204
8326
17349
12453
7388
23461
304
26183
907
7446
14246
16595
12130
18271
3740
7350
21163
11508
4814
1934
26902
11539
28558
25652
23470
6125
21084
4090
8460
7686
11448
27953
11722
20190
18484
30447
18747
27345
24781
16911
6745
3132
14715
3960
255
27617
24327
21411
3929
17549
3357
22359
14232
6648
27042
21943
490
26348
2631
15231
24233
30377
30815
27531
26834
28041
9966
11417
11450
17632
3842
9295
18172
15910
26182
896
28598
4440
9172
18347
17909
23195
18251
13764
28525
2851
5665
29239
24686
24915
17211
23083
24595
11301
13499
515
7357
24013
23578
32043
25791
12697
21622
21265
22363
26908
15149
17777
8686
25739
30378
19414
7527
6759
24447
26718
24573
12892
32692
14781
5922
18282
23647
28292
15794
5442
32117
32164
625
5363
10208
18477
29364
19653
32210
2140
15710
22373
31064
12757
8718
26179
30002
10029
24727
17209
14306
26795
15537
5485
13571
8272
27118
28024
30940
12052
29679
23752
29237
8051
30423
7234
3689
8488
15360
1580
23485
29241
3821
26443
9712
22835
24192
27464
16660
5303
32365
10329
30364
25653
7407
3613
18613
3576
16570
15303
32730
1635
25392
382
13986
7290
31447
4356
22493
20388
2571
8598
17120
12974
1520
2836
2589
20
10667
7266
32759
17276
2514
12558
1492
15492
31776
18995
20851
24253
10094
11933
7296
4855
20446
22061
29285
7616
13146
9343
4196
20263
2621
14027
3042
24518
79
18697
13062
7935
14839
30297
23427
22149
14764
22689
5042
1822
14765
19320
27108
25256
19954
22083
15862
10074
25186
413
20774
16461
26950
7165
2084
20283
19966
12690
4973
902
32754
15218
29140
25212
10700
18932
353
25817
26853
11866
4703
3469
6396
26548
12465
24000
2094
22273
5989
18964
10018
32406
652
5418
2437
20676
21320
13159
19126
20917
14886
7160
10946
4247
23470
11027
30610
15356
9017
31104
5731
21889
14339
19801
16759
18606
18561
2062
19978
26910
8181
13739
3720
7136
14911
8542
9469
12316
18934
4916
22989
11002
25783
6947
19109
2751
18877
3405
1457
17722
30386
4995
25872
1374
32453
30728
16005
27696
22525
3480
15215
22756
4813
22697
27899
31810
12264
24049
28824
15183
2134
14888
14507
9514
31688
26383
19844
52
22825
20913
6801
12915
13685
9705
7122
2361
9422
29476
32653
9216
2509
3688
4163
1689
28438
21910
31458
5766
7983
14316
17724
1956
28306
10189
2232
31757
27648
22981
17736
23356
27417
29896
24731
9330
7466
6074
9619
16473
11334
22581
22521
5607
3224
7814
12400
26246
30711
760
21671
13682
18363
4182
8147
15970
8399
4011
20317
16234
9736
16716
26583
6688
9397
10008
26165
4094
28536
17407
4410
7687
23380
29889
32560
15277
4870
17912
9180
243
13465
27481
31409
30671
27957
15415
8516
7378
1848
22856
30208
21258
7815
24492
3867
20264
28455
19755
7624
15838
29191
31167
4527
10635
15392
19026
4250
25370
21440
200
5745
29223
28707
19776
20840
20580
22340
1175
3703
29756
19954
8238
18955
28342
20006
27374
14587
8347
30612
32649
23997
19163
28288
31746
32218
32301
7379
3695
2975
11766
2414
16126
22549
27244
14782
6966
8500
1531
20881
9855
20564
10728
25896
13285
31972
7732
12685
3353
1886
18627
12071
2744
24698
10173
12939
464
20643
19253
3989
10913
21415
4616
29368
25760
23730
11784
25746
31682
5757
13146
11203
21238
29635
14109
256
6131
9205
16716
18787
25653
16430
5606
19205
28482
17513
6476
4047
13874
10482
21482
27277
15470
12314
22809
21060
18872
15407
5444
1990
18796
16811
18250
14723
12037
10668
10532
6562
994
14500
3016
6737
587
19794
27213
17497
25007
3057
14415
23541
14383
18863
28565
18404
5473
19552
8433
28349
14925
12916
3176
32387
4796
5926
1171
21113
21427
18167
8517
27447
25402
6235
1391
11518
28001
15538
15424
22601
19077
7545
29072
28836
6864
6594
2430
1473
15103
14305
23384
4809
30312
8041
5052
26608
6715
28503
509
21068
19976
17548
21704
30183
21889
1153
2568
3603
8066
16438
5638
2045
17998
17259
1493
11141
25884
9235
8429
17997
26322
26118
19990
3344
12816
1782
16264
10038
22128
1700
10832
6309
7948
16211
3317
32217
11841
8829
18780
20023
1715
11718
5609
6302
9617
11310
2535
28224
4635
6026
18730
28592
1633
11829
4850
12347
5453
4355
14355
25468
29155
32118
15443
2347
15304
30773
10004
2870
29953
31673
18227
531
1278
32586
28207
4948
27863
27178
26254
7804
4309
18192
10620
11281
15156
19415
6070
21234
15399
2424
14758
2027
19229
22582
19151
2951
3395
21528
5228
27173
25930
32156
23380
16974
28778
21162
25889
17734
21671
29639
22673
9697
17491
10635
32045
27032
23252
24149
7720
20444
13991
24637
5257
17323
29861
32586
15501
2912
28805
23526
23110
10959
28323
31118
12681
11153
4863
27086
21767
16285
18825
9069
28858
29208
924
23013
4995
23151
28360
26901
15377
1442
2260
10554
11524
2531
13571
16156
19538
30815
13975
15493
4586
8540
13460
9463
18840
24196
10950
10910
11305
22400
27653
14212
5071
29897
6584
5892
20423
29883
13464
21377
23352
22252
10935
7256
31583
4539
1728
18450
2281
17964
9344
18143
26784
26099
3749
6464
30538
32718
27078
7939
27854
9752
4260
21108
31385
9116
17840
17362
10560
29351
7629
26880
14695
10849
2134
5501
3041
22108
6243
11926
21785
27758
29512
28634
8112
21692
2143
21455
25191
14360
30216
29923
11584
2189
16365
31397
12768
30775
14987
26421
11064
21080
20462
22777
26724
27305
443
5266
32467
5870
19572
27407
26537
26317
20472
20576
3169
3552
24905
13837
1719
13321
27026
32296
6085
8198
13929
6784
6764
28741
8017
11287
29941
22009
9347
14038
19960
1645
27374
15744
2173
22168
14716
23013
19298
13555
23447
9560
6141
30087
3308
1378
13313
9290
21102
12472
27302
20907
25758
107
26884
3436
3850
24927
14784
944
10516
31230
9195
28757
3061
22573
28967
23683
10754
15231
24332
23173
11053
20393
16330
13272
13006
27447
3599
15746
12964
9853
30763
18085
28438
24271
9842
21844
6335
31221
16609
9637
7978
32217
30725
7944
8410
20611
5401
13271
7310
13383
21871
24366
18371
21565
5393
13564
11897
29938
3239
14426
58
7517
9883
27676
11865
19477
12156
20902
16248
3265
26016
18946
31820
463
11278
3375
22949
13929
25754
11195
17320
19620
13650
20116
11871
23547
15641
10523
3957
5117
31634
20858
9530
30530
28736
29495
12013
17059
13547
4106
31291
21674
5957
17132
27139
10568
30157
14705
23132
15814
25588
22359
1497
28926
22910
14431
20492
13259
28972
1115
6472
7614
31384
18825
32683
14867
25440
20767
12636
8419
15238
8743
13330
12443
22807
9869
17878
31660
24331
9847
15113
16004
11117
3540
32168
29118
28860
12344
4559
19605
32400
32487
17276
19359
32128
25904
24982
4024
8772
16124
10798
10555
7191
7590
19460
9081
16991
20237
8525
25699
17808
23272
1971
13450
26446
27226
31134
842
32210
19911
19634
15169
18062
5349
14745
15110
19476
27926
4354
17944
25396
14837
16873
533
868
7214
5401
21549
32358
23188
16880
13013
23332
24941
16483
16320
22495
19472
31809
15883
22408
11443
19900
14520
15982
1662
23333
27997
538
11748
18423
20253
28791
818
21783
13784
29239
15208
22106
3487
19569
11081
8520
6763
9615
18606
22816
9230
20839
22047
15388
7785
10408
27812
22005
8672
28536
22489
15274
18443
3931
30785
13438
16558
10327
8156
29759
13036
15702
7420
19150
16055
32715
26452
27868
12939
32408
9042
14834
18780
15408
28591
9140
1229
28664
12612
6758
30626
30452
20767
8879
5240
14239
8406
30877
21683
32026
22811
25578
19385
3465
26257
8574
31326
32699
30942
1588
30366
5129
2050
16097
15250
5248
17383
20883
13725
66
8760
17430
24295
1577
32375
3005
12
4782
74
10846
26901
29961
15382
7327
13991
24474
16847
32112
30586
18312
3599
729
17933
26536
4453
14326
10904
27296
16879
6208
22851
76
27435
28685
8341
25184
12298
9819
7215
3151
29510
21449
32698
10860
6646
19174
3614
1103
23648
30126
4340
26235
6414
11346
25663
20286
24100
26936
27222
25304
7408
32323
31781
27359
15299
12116
10645
25825
31231
22033
24137
25676
23154
29413
16011
19339
2018
20295
20614
8306
26601
5440
17845
32732
20484
39
30875
29842
4326
2736
29365
13679
19474
15909
3757
3778
18344
1778
2768
31476
13439
12903
8130
11883
6773
31162
28528
6829
24323
15947
24647
11465
6677
23340
14500
19187
11544
12257
3723
21870
20564
18532
24475
11951
2684
18029
25921
3775
18051
28655
31021
9697
31666
1766
7682
21109
7160
20048
82
28188
15489
24697
969
30237
11401
14972
12456
4871
28275
8455
5493
17304
18197
16990
28913
11998
22359
14755
14411
24988
29692
22356
19859
31471
12223
21269
31345
3121
19362
19120
791
12318
387
12890
25972
7477
23792
6712
6315
14177
5692
27937
24771
25817
9170
3238
2720
10821
30154
28239
9266
21026
4026
7720
1260
9063
29903
19068
14968
27497
6684
15585
11689
24316
21297
25716
5041
5851
27888
21862
32660
11082
27292
25016
10204
13049
6451
12098
13455
10540
27902
28410
10590
32537
23910
6515
16415
23697
13065
21668
18301
21475
31757
26347
23022
3326
6836
23378
230
11221
8753
15120
6219
30216
30139
83
1576
31680
24031
9788
6821
18394
2074
31275
11319
23369
9383
4670
17428
30645
5782
3348
28394
32104
27166
32471
1488
24683
1332
12153
893
30956
18012
3645
14775
13027
1472
32378
31503
24822
11391
24988
3276
13977
22087
619
29989
11641
12582
17808
31155
23067
3997
17236
25125
29632
24823
11948
21302
5005
984
11635
21980
28392
10009
1526
24258
4389
11475
17845
27129
22626
17338
17768
32491
14767
10925
11841
12432
4211
21131
25713
28132
32011
21063
31469
13976
5811
24895
5234
2055
29866
19401
21958
5741
21137
5647
19778
9811
21524
16670
29581
6734
11213
26169
10666
2281
10597
7283
22581
28384
29437
23677
5097
20879
28108
22204
27494
26025
6665
28574
16945
3629
26123
22063
23805
18326
15535
26855
809
21331
21242
23750
22921
14198
30975
23204
23145
26288
29187
1730
3791
9341
6112
9892
27905
31132
19879
22819
71
19650
1417
5310
15858
29583
24056
24625
11165
20417
6665
31049
15027
19624
31005
24054
32050
20698
12736
27554
6062
30759
5073
2241
5272
10703
5604
3241
31936
24307
20964
22948
22809
11594
13565
23876
444
27157
26296
27383
24112
31061
11112
9435
31465
7483
17862
26324
6158
23008
7128
26587
5504
16694
8983
1433
24599
15167
22480
28212
17455
7804
17355
7273
18787
11433
22571
23003
31640
18343
7829
15274
17726
29370
1428
19784
16082
29684
19516
23944
6055
10737
20750
8696
31719
27077
18460
9329
7124
31027
7278
12012
14420
31008
163
10647
22701
21574
29403
7977
3469
1581
14293
23410
25933
20055
4437
22582
30070
9147
13257
27707
7557
31862
16171
28833
26347
15804
16169
20594
9816
26644
30340
13946
16953
21445
31158
19801
17024
4491
23767
17878
3491
17295
30913
6006
30439
662
2931
12110
478
9081
14259
277
32558
28885
10232
11901
26261
11523
22662
14531
4650
28747
19675
28805
16102
14164
13386
6101
30306
13791
16870
27275
17890
16821
15265
223
26259
27102
1205
16439
15121
3604
10051
20029
17964
2680
8506
14901
32492
19331
30843
20622
9683
24126
23099
19638
32609
20662
18856
23859
6110
30378
8655
11760
